1.0
1.0
8.308043271986662
7.0
7.0
19.275363971301267
8.0
8.0
20.031751739662102
8.0
8.0
20.259334164991458
2.0
2.0
21.34302239147598
5.0
5.0
22.377388592679548
3.0
3.0
22.534886772054946
1.0
1.0
24.932392622762933
4.0
4.0
25.122099342364095
9.0
9.0
25.81800037170725
11.0
11.0
26.34603221370419
4.0
4.0
28.793059554250902
6.0
6.0
33.12944452660922
22.0
22.0
33.48433471896079
16.0
16.0
33.75533506995515
23.0
23.0
34.92997480506794
23.0
23.0
35.508156743380944
19.0
19.0
35.91617941826322
11.0
11.0
36.45009777626478
18.0
18.0
36.99756429222543
14.0
14.0
37.108291285405286
21.0
21.0
39.47046441114965
6.0
6.0
39.65342650203343
13.0
13.0
39.84650581389879
17.0
17.0
40.01799781244847
16.0
16.0
42.97312503223493
16.0
16.0
43.03540593337321
19.0
19.0
43.774359659239536
29.0
29.0
46.450096679258735
34.0
34.0
46.50981542387532
14.0
14.0
46.57263438873987
25.0
25.0
46.67459198745179
25.0
25.0
47.090153226455875
17.0
17.0
48.30565122977733
45.0
46.450096679258735
48.42277879741356
32.0
32.0
49.01605752578844
37.0
37.0
50.96374478928905
28.0
28.0
51.8060646168101
25.0
25.0
51.87016863646804
41.0
41.0
52.44930886249267
33.0
33.0
52.78378040422851
34.0
34.0
53.474680578559344
20.0
20.0
53.74131543844803
20.0
20.0
53.93559768382537
49.0
49.0
54.575841054147794
30.0
30.0
54.63789120822946
24.0
24.0
54.989682778306125
39.0
39.0
55.31721011581513
26.0
26.0
55.757355035919254
42.0
42.0
56.18791437713812
42.0
42.0
56.23712879439283
39.0
39.0
56.51245540429207
24.0
24.0
56.67685226914392
45.0
45.0
57.544208925363385
44.0
44.0
57.7881609328369
35.0
35.0
59.299570789910966
56.0
56.0
60.8344269364593
54.0
54.0
61.86529348678982
22.0
22.0
61.94496080200581
59.0
59.0
64.34995175711022
37.0
37.0
64.98554934978839
45.0
45.0
65.39555035912281
53.0
53.0
65.99663450629501
33.0
33.0
66.7506515575929
36.0
36.0
68.59614702202595
55.0
55.0
69.90002094705451
51.0
51.0
70.27755378483012
52.0
52.0
70.4024730072455
58.0
58.0
72.51431731311777
39.0
39.0
72.99241916149384
41.0
41.0
74.3624374243552
47.0
47.0
74.44854455106736
49.0
49.0
75.2130773393497
38.0
38.0
76.98765045161362
46.0
46.50981542387532
77.08308074591595
51.0
51.0
80.85259940394971
43.0
43.0
82.39572455754984
58.0
58.0
85.53249847209679
56.0
56.0
85.77143175995624
60.0
60.0
85.84131513947992
61.0
61.0
86.35399485254486
62.0
62.0
86.67441538484306
54.0
54.0
86.98746393190343
57.0
57.0
89.7722406952881
70.0
70.0
94.85754581842602
66.0
66.0
98.67190866034345
73.0
73.0
99.16776724155592
89.0
89.0
99.8622861453283
68.0
68.0
100.00861155130804
80.0
80.0
100.60702602345157
85.0
85.0
101.89376969252967
66.0
66.0
104.33932327978316
94.0
94.0
105.72287380868114
82.0
82.0
107.54624799324729
91.0
91.0
107.6864341256794
77.0
77.0
110.57825751280313
83.0
83.0
111.67398740996495
97.0
97.0
113.51022125547084
77.0
77.0
113.53371160019421
100.0
100.0
114.84143947030995
87.0
87.0
116.26217612822379
98.0
98.0
119.83431782686063
93.0
93.0
121.11119105631947
96.0
96.0
122.40875092372465
110.0
110.0
125.36775300565007
102.0
102.0
129.54521801888993
130.0
130.0
131.42119224149656
105.0
105.0
133.76091826796096
111.0
111.0
134.1924030836371
122.0
122.0
134.6673829994154
107.0
107.0
135.11509986143267
118.0
118.0
135.9295341258467
124.0
124.0
137.0096454388204
115.0
115.0
137.51711452066317
113.0
113.0
137.68583207426465
118.0
118.0
140.32993049120535
123.0
123.0
142.6161419774587
125.0
125.0
145.82958277371534
129.0
129.0
147.29069323429647
111.0
111.0
148.07515930425805
123.0
123.0
149.79902411175595
136.0
136.0
150.5578215842252
133.0
133.0
151.82644147749937
134.0
134.0
151.89853387529013
127.0
127.0
152.07449783010253
135.0
135.0
152.88956885107615
147.0
147.0
153.87675463210388
126.0
126.0
155.178776881107
139.0
139.0
155.57741172285841
143.0
143.0
156.0073250078789
130.0
130.0
156.5043047093282
146.0
146.0
159.29921462089038
128.0
128.0
161.05882032234004
127.0
127.0
161.63899672158243
147.0
147.0
162.4647846842108
147.0
147.0
163.23506796679044
139.0
139.0
163.800969962257
129.0
129.0
165.2753021489198
140.0
140.0
165.61992810050526
160.0
160.0
166.5888941718814
153.0
153.0
166.83806976676252
154.0
154.0
167.427255181092
150.0
150.0
167.8632579489854
137.0
137.0
168.06753770631775
160.0
160.0
169.55131356262027
138.0
138.0
169.64331473186786
149.0
149.0
169.7792424690296
138.0
138.0
170.85997737406703
151.0
151.0
171.78020760499282
132.0
132.0
172.14218226182516
156.0
156.0
172.79214897058694
153.0
153.0
172.82907138848307
135.0
135.0
173.34452868560558
143.0
143.0
173.714419840411
140.0
140.0
174.510877933632
145.0
145.0
175.15699438489574
163.0
163.0
175.400058962877
156.0
156.0
175.52053162816452
156.0
156.0
177.14277161370177
164.0
164.0
177.29086991581286
164.0
164.0
178.10509085462272
143.0
143.0
178.14539227243088
149.0
149.0
178.8573252947357
157.0
157.0
180.8432937076622
172.0
172.0
187.1802914439109
170.0
170.0
187.7096855679314
162.0
162.0
187.7720264697318
161.0
161.0
189.32537519486868
154.0
154.0
190.023549487733
166.0
166.0
190.6661547110254
158.0
158.0
190.84478955781543
168.0
168.0
191.35847330968045
179.0
179.0
191.83501757831655
162.0
162.0
192.11036990084256
168.0
168.0
192.63092581873357
164.0
164.0
193.64900892803837
181.0
181.0
194.32635227857463
167.0
167.0
195.1432584263155
175.0
175.0
197.60781640097008
173.0
173.0
198.49444849444615
178.0
178.0
198.73104441419915
175.0
175.0
198.9452460877887
179.0
179.0
199.6580934717436
178.0
178.0
202.33381769444668
171.0
171.0
202.41295158867297
171.0
171.0
202.4326780269583
177.0
177.0
202.78180040066243
182.0
182.0
203.45863770156035
181.0
181.0
205.90136194803966
174.0
174.0
206.43179692276837
175.0
175.0
209.7593657995992
189.0
189.0
210.77367272825833
196.0
196.0
214.05465866090822
199.0
199.0
216.92642625664377
192.0
192.0
217.89325312147204
185.0
185.0
218.31078150606567
190.0
190.0
218.66130164024634
188.0
188.0
221.25690117386375
205.0
205.0
221.67774726342049
200.0
200.0
223.6969642808423
193.0
193.0
225.1797409033172
201.0
201.0
227.76458044999998
216.0
216.0
233.86181138879425
214.0
214.0
234.87877493324015
209.0
209.0
237.99475087087015
204.0
204.0
238.32889285234418
211.0
211.0
238.70527489162848
211.0
211.0
240.09076573029466
218.0
218.0
242.08544356468624
219.0
219.0
242.16345842804026
231.0
231.0
243.36080522668962
220.0
220.0
243.7065125737941
229.0
229.0
249.4890231505163
224.0
224.0
250.07230695548265
223.0
223.0
251.4999017041286
230.0
230.0
251.97369777748483
220.0
220.0
252.1612767053756
226.0
226.0
255.18549581750432
227.0
227.0
260.71534974082437
247.0
247.0
261.5870164986705
234.0
234.0
263.36878733989323
245.0
245.0
263.7213365623535
234.0
234.0
264.8605327625017
251.0
251.0
266.42244187450973
233.0
233.0
267.8286224008202
241.0
241.0
267.89492515972904
239.0
239.0
268.30777447035706
251.0
251.0
270.79334271483793
258.0
258.0
270.903345352809
246.0
246.0
270.96684186446566
251.0
251.0
271.3884719077781
234.0
234.0
271.4737875177289
241.0
241.0
274.0169969993022
255.0
255.0
280.42407189942804
279.0
279.0
290.21681518563304
256.0
256.0
290.2784142322613
265.0
265.0
291.49151003545376
262.0
262.0
291.8574422336642
261.0
261.0
293.1901400017074
268.0
268.0
293.29253304303523
272.0
272.0
294.9713100769356
294.0
294.0
302.0612197652112
262.0
262.0
302.8938452884274
269.0
269.0
303.1099883982094
276.0
276.0
304.09003729532196
293.0
293.0
305.6994637454399
284.0
284.0
308.68582051933424
274.0
274.0
308.7324022710329
281.0
281.0
309.20891357190453
267.0
267.0
309.2497816312803
297.0
297.0
309.3036879852062
282.0
282.0
310.5362219869729
296.0
296.0
311.281764930934
292.0
292.0
311.4468996277749
271.0
271.0
312.40808061002764
280.0
280.0
312.6490222260261
288.0
288.0
316.2360234137618
285.0
285.0
316.3764685882081
305.0
305.0
317.5120529898256
299.0
299.0
318.5724275792299
288.0
288.0
321.0878772302973
310.0
310.0
322.3518834848027
314.0
314.0
326.5611136883446
322.0
322.0
327.20787980604683
296.0
296.0
327.8535062228117
316.0
316.0
328.06670071929176
299.0
299.0
332.5069202961472
313.0
313.0
333.15337007536476
311.0
311.0
333.8411815568918
324.0
324.0
334.2667674547798
319.0
319.0
334.61306444081754
319.0
319.0
334.7561126698912
308.0
308.0
334.8624829442351
307.0
307.0
335.2355484853679
306.0
306.0
335.387764266021
315.0
315.0
336.5219219297196
304.0
304.0
337.260561265001
307.0
307.0
338.42502421261645
324.0
324.0
339.7345783488819
305.0
305.0
339.7576428637493
311.0
311.0
342.39210298934137
328.0
328.0
342.4196495752161
318.0
318.0
342.7265073682364
323.0
323.0
344.04954276634135
303.0
303.0
344.7067991801431
334.0
334.0
345.3221622975773
325.0
325.0
346.2552712599826
327.0
327.0
346.4083904555366
307.0
307.0
346.66512939811605
322.0
322.0
347.1864387721629
327.0
327.0
348.91192670520303
336.0
336.0
349.0598011274425
318.0
318.0
349.8018417757433
334.0
334.0
350.34155620428425
319.0
319.0
350.94455780375415
340.0
340.0
353.7939205279473
317.0
317.0
355.33993452128385
315.0
315.0
355.5847957264458
329.0
329.0
358.4561289564901
343.0
343.0
358.7262648405076
321.0
321.0
360.0241675218025
341.0
341.0
362.44448826020647
337.0
337.0
363.1405068961804
344.0
344.0
363.819248210681
333.0
333.0
364.0137720493367
324.0
324.0
364.0495517733423
341.0
341.0
364.0506578774575
340.0
340.0
364.8389728896979
333.0
333.0
364.8885669463029
353.0
353.0
365.31491696667734
349.0
349.0
367.91408155093904
339.0
339.0
368.2026148706577
345.0
345.0
370.1653849922189
342.0
342.0
371.4741824901728
351.0
351.0
372.0848023735582
338.0
338.0
373.28486944564474
346.0
346.0
376.2770473227147
346.0
346.0
376.44110626331485
338.0
338.0
377.9523372236762
355.0
355.0
378.2053981643876
365.0
365.0
378.41788790086366
363.0
363.0
378.439405230724
368.0
368.0
380.8837883268387
343.0
343.0
382.23877637218
350.0
350.0
382.86673380831655
350.0
350.0
384.03135986662477
359.0
359.0
384.19389541148666
351.0
351.0
384.3454260339904
371.0
371.0
384.57466439252676
367.0
367.0
387.39615730102287
362.0
362.0
388.66637966524337
356.0
356.0
388.9391097814284
368.0
368.0
390.4788025710553
380.0
380.0
390.84891944582495
359.0
359.0
391.575634805904
352.0
352.0
393.4615816448904
373.0
373.0
393.63413343495796
358.0
358.0
393.84310239418346
373.0
373.0
395.4268230301825
381.0
381.0
395.45180212626934
364.0
364.0
396.3798007365426
378.0
378.0
403.40971245855195
391.0
391.0
404.812669667405
393.0
393.0
407.48665034247125
394.0
394.0
408.0956020920636
372.0
372.0
408.34171919933874
386.0
386.0
408.6749761474516
386.0
386.0
409.5109323966976
381.0
381.0
410.8410132763323
399.0
399.0
411.2339326877829
392.0
392.0
415.8705020918437
397.0
397.0
416.89580229650096
387.0
387.0
420.0935737046041
414.0
414.0
430.30376448794374
405.0
405.0
432.6136554105676
405.0
405.0
433.2783240006689
415.0
415.0
433.7933151318179
404.0
404.0
435.4483375774132
421.0
421.0
436.21486961617336
425.0
425.0
437.19286827147624
434.0
434.0
437.6236822335667
422.0
422.0
438.39493474607104
421.0
421.0
438.62061547768906
412.0
412.0
439.60819361222184
410.0
410.0
441.6831242774829
426.0
426.0
443.5362753683733
413.0
413.0
446.4805934727857
437.0
437.0
446.48789364711683
428.0
428.0
447.38321024405826
416.0
416.0
447.53345153894384
441.0
441.6831242774829
448.06677121590815
420.0
420.0
448.6315915838508
442.0
443.5362753683733
448.8865060920686
424.0
424.0
450.00279777500936
430.0
430.0
451.4831224221422
427.0
427.0
451.98486680142076
445.0
447.53345153894384
452.4307658252357
431.0
431.0
452.7791095343421
430.0
430.0
452.817474816722
437.0
437.0
452.91376623024803
432.0
432.0
453.15705731623444
432.0
432.0
453.56480557861255
433.0
433.0
454.7755328165406
431.0
431.0
456.0632749203927
427.0
427.0
456.8205186037173
426.0
426.0
456.90882340926146
439.0
439.0
457.74858280858064
429.0
429.0
460.31112498278173
436.0
436.0
460.51553115853307
428.0
428.0
460.90401119783394
443.0
446.4805934727857
461.1490823910909
434.0
434.0
461.98715372692715
425.0
425.0
462.2192998330719
436.0
436.0
462.68789069935264
438.0
438.0
462.84263127446343
435.0
435.0
462.89774600187036
429.0
429.0
463.67914919019444
440.0
440.0
464.69657110891416
438.0
438.0
464.7705179939345
458.0
461.1490823910909
466.2235886392924
445.0
446.48789364711683
467.30088635204385
461.0
461.98715372692715
467.4334787235848
449.0
450.00279777500936
467.5772542721088
441.0
447.38321024405826
468.34310144212577
441.0
441.0
469.0284265575018
430.0
430.0
469.8310482181292
451.0
452.4307658252357
470.73176155526266
436.0
436.0
470.75360467025126
439.0
439.0
471.0536186588563
447.0
448.8865060920686
473.13145005737476
452.0
452.7791095343421
473.23952637708896
464.0
464.0
473.2471502066885
448.0
448.06677121590815
474.1735063046844
448.0
448.6315915838508
474.21497632100875
469.0
469.0
475.0366487814426
449.0
451.98486680142076
475.39883614266023
452.0
456.90882340926146
475.40575921170387
453.0
453.15705731623444
475.9754127405464
448.0
452.817474816722
476.25363915926556
456.0
456.0632749203927
476.78967736078766
451.0
451.4831224221422
476.9603759973432
464.0
464.0
477.58722843046763
454.0
457.74858280858064
477.9108366710315
466.0
466.0
478.3114622088555
465.0
465.0
478.62431694062803
450.0
452.91376623024803
479.05704249999457
454.0
454.7755328165406
479.35464932716513
455.0
456.8205186037173
481.4134019062504
453.0
453.56480557861255
482.2059620524739
462.0
462.2192998330719
482.5960422531865
471.0
471.0
484.3737508754707
463.0
463.0
486.96207569367454
460.0
460.90401119783394
488.0334498511631
469.0
469.0
488.57944148277255
476.0
476.0
488.8237906904015
470.0
470.0
488.88922691542655
458.0
460.51553115853307
489.17523655165917
459.0
460.31112498278173
489.2140278563357
468.0
468.0
490.7817217784975
471.0
471.0
491.94188753226985
467.0
467.0
493.60518219971846
473.0
473.0
493.70547465414904
470.0
470.0
496.67403840336465
479.0
479.0
496.89961279122247
475.0
475.0
498.61612742267806
486.0
486.0
502.1759466458821
485.0
485.0
502.85680113397314
468.0
468.0
503.20592144989774
478.0
478.0
505.3888950796319
473.0
473.0
505.56672584360757
480.0
480.0
506.08764965026194
482.0
482.0
506.2265690756625
478.0
478.0
506.3070426672576
476.0
476.0
508.12428499648024
478.0
478.0
508.1462586455387
496.0
496.0
509.88655976789914
494.0
494.0
511.54836789649573
476.0
476.0
512.1617198186544
482.0
482.0
513.1490744515169
488.0
488.0
515.2023193692019
504.0
504.0
519.3191470802018
493.0
493.0
520.5073573621132
501.0
501.0
523.1941127221468
489.0
489.0
525.2705124400692
500.0
500.0
525.5887920890369
507.0
507.0
525.9032389799498
510.0
510.0
528.907278511124
502.0
502.0
529.1441189563467
504.0
504.0
531.9793983076356
504.0
504.0
535.5469898740279
525.0
525.0
537.9325628796477
525.0
525.0
537.9837742466754
513.0
513.0
538.2381946629836
525.0
525.0
538.4249028844444
532.0
532.0
542.6472349019355
529.0
529.0
542.8760445514105
538.0
538.0
542.9213590390486
521.0
521.0
543.8687614145368
514.0
514.0
545.125018780758
521.0
521.0
546.2240756288268
534.0
534.0
548.9150535050971
534.0
534.0
549.840802430666
517.0
517.0
549.9582918792269
538.0
538.0
550.362742038744
520.0
520.0
551.9461811825595
529.0
529.0
556.61150139798
514.0
514.0
557.1673471621675
542.0
542.0
561.885090750009
550.0
550.0
563.2243668774832
552.0
552.0
564.4868133376995
542.0
542.0
566.1393016005891
543.0
543.0
566.2372324942176
553.0
553.0
566.608795368136
545.0
545.0
570.9967930623634
553.0
553.0
571.1719500737468
546.0
546.0
572.9906085349548
556.0
556.0
573.5192279254053
549.0
549.0
574.9833480689294
550.0
550.0
575.8343442948056
564.0
564.0
576.7108622599281
543.0
543.0
579.0385716063461
562.0
562.0
579.0954748590251
555.0
555.0
579.216717309045
561.0
561.0
583.4255999168181
569.0
569.0
583.6345796169004
548.0
548.0
584.4543182964215
560.0
560.0
586.1204845616973
558.0
558.0
586.5142245920576
560.0
560.0
587.3928247275817
557.0
557.0
588.0137902491441
571.0
571.0
588.1764464568275
563.0
563.0
588.6430277814451
576.0
576.0
588.9300852118041
565.0
565.0
589.8746751984739
556.0
556.0
590.0609185494715
568.0
568.0
592.427349928402
578.0
578.0
592.9605780853133
568.0
568.0
594.231667300264
573.0
573.0
594.3933008409504
580.0
580.0
594.4502788374248
565.0
565.0
594.5277578390667
573.0
573.0
596.3028951609876
576.0
576.0
601.8708404090933
576.0
576.0
604.6194050681686
587.0
587.0
605.1673381448219
581.0
581.0
605.2503715049988
585.0
585.0
605.6327825002257
590.0
590.0
605.6393285522043
595.0
595.0
606.5133142833548
570.0
570.0
607.3908074332031
578.0
578.0
607.7153159373557
572.0
572.0
610.1020010266734
596.0
596.0
610.811564821209
595.0
595.0
611.2156603758826
580.0
580.0
611.5688022442703
585.0
585.0
612.5512435405612
604.0
604.0
612.6980209842116
580.0
580.0
614.1458302941991
586.0
586.0
614.2291311587044
594.0
594.0
616.8302346466629
600.0
600.0
618.3700019768933
588.0
588.0
618.3779297736424
602.0
602.0
620.3015865673717
600.0
600.0
621.0709311591594
605.0
605.0
621.4909186225829
593.0
593.0
622.4090392100111
596.0
596.0
623.0991761800278
611.0
611.0
623.5206083918782
609.0
609.0
628.0888108821832
605.0
605.0
629.0618114220281
593.0
593.0
631.011933704514
617.0
617.0
631.1741406904911
607.0
607.0
631.8195319324087
608.0
608.0
633.4159649953417
602.0
602.0
633.4622999861593
614.0
614.0
633.4693953323584
621.0
621.0
635.1445847901246
599.0
599.0
637.5017516634439
618.0
618.0
637.8272443074231
628.0
628.0
640.8836992279851
626.0
626.0
646.5222692288536
614.0
614.0
646.8607308616649
615.0
615.0
647.3674963033806
618.0
618.0
648.0782113797411
612.0
612.0
648.9841158343507
622.0
622.0
649.0233111362996
620.0
620.0
650.537362264861
624.0
624.0
650.8737665948426
639.0
639.0
653.7956621010488
630.0
630.0
653.8027852721272
629.0
629.0
654.3777806900026
637.0
637.0
654.4906833093921
625.0
625.0
654.933416420828
635.0
635.0
656.0473923202269
643.0
643.0
657.1763547081189
634.0
634.0
658.9507417550675
618.0
618.0
659.0199712185436
640.0
640.0
661.8317922595215
644.0
644.0
662.8741665299125
632.0
632.0
663.1244536967886
630.0
630.0
664.5612632486528
627.0
627.0
666.9159254620856
649.0
649.0
667.0404418108819
643.0
643.0
667.6102503524393
636.0
636.0
667.8413173459483
641.0
641.0
668.190048681932
651.0
651.0
670.8415764933103
659.0
659.0
674.4399200048235
669.0
669.0
675.1551542174267
648.0
648.0
675.9022058649143
652.0
652.0
676.7517290230061
663.0
663.0
677.0014870880842
661.0
661.0
677.6662372415819
651.0
651.0
678.0414957803137
654.0
654.0
679.527703254176
675.0
675.0
679.7882526072456
662.0
662.0
680.1661648041171
654.0
654.0
681.3625347889265
670.0
670.0
682.2607339650817
659.0
659.0
688.6109943777863
666.0
666.0
689.3751993517284
668.0
668.0
691.3005802475492
657.0
657.0
694.0004743217448
673.0
673.0
695.0401683054712
690.0
690.0
695.2829795661281
675.0
675.0
696.8765055468598
683.0
683.0
699.8128542870932
678.0
678.0
701.915115220123
673.0
673.0
707.2417019762195
685.0
685.0
708.2998907722911
697.0
697.0
708.4820447721628
687.0
687.0
711.503948446275
692.0
692.0
713.8938372399829
678.0
678.0
714.10146210193
681.0
681.0
717.4632489214381
690.0
690.0
720.0557123124506
695.0
695.0
720.4496985754478
711.0
711.0
720.8560442068939
702.0
702.0
720.8883204202889
682.0
682.0
724.4947494460139
693.0
693.0
725.5315613217118
708.0
708.0
728.0599898837265
704.0
704.0
728.3140289262469
707.0
707.0
728.8616043037574
716.0
716.0
730.094656609313
698.0
698.0
731.0004168322562
712.0
712.0
731.18464549074
720.0
720.0
731.429933995049
722.0
722.0
731.7635237595437
702.0
702.0
731.8257224454168
714.0
714.0
737.1210399396575
723.0
723.0
737.4554747723543
726.0
726.0
739.9101544123163
718.0
718.0
743.6195079813643
732.0
732.0
745.02308993675
718.0
718.0
746.235449781596
718.0
718.0
749.387936234414
735.0
735.0
749.6345722641562
725.0
725.0
750.2246514324619
739.0
739.0
750.4101736414366
724.0
724.0
751.3535507580144
729.0
729.0
751.7317805996144
730.0
730.0
752.6755403832252
729.0
729.0
753.7852505818366
732.0
732.0
754.4118023328265
744.0
744.0
757.0746341503144
740.0
740.0
757.4143760710339
730.0
730.0
757.9743255827431
725.0
725.0
758.654196179211
737.0
737.0
758.9457722103226
754.0
754.0
759.0075119709048
733.0
733.0
759.0266388650194
733.0
733.0
760.3812590423114
734.0
734.0
761.1394772615092
757.0
757.4143760710339
763.3813961177549
732.0
732.0
765.6894272130762
738.0
738.0
765.773300831366
742.0
742.0
765.782194380811
743.0
743.0
766.6492329349509
753.0
753.0
766.8363344373029
741.0
741.0
767.8704187107638
744.0
744.0
767.8968198739029
746.0
746.0
768.7248761504402
745.0
745.0
770.6808129474007
743.0
743.0
770.8491982044499
737.0
737.0
771.043130750376
747.0
747.0
771.5585158936697
736.0
736.0
771.7950248929498
762.0
765.773300831366
772.2915683703593
739.0
739.0
772.568795908974
762.0
762.0
773.9781248569984
755.0
755.0
774.0996027604774
741.0
741.0
774.3976796327573
748.0
748.0
774.870282292159
734.0
734.0
775.0828263979557
750.0
750.2246514324619
775.1469869312148
742.0
742.0
775.2245770385697
770.0
770.8491982044499
776.6936718664091
749.0
749.387936234414
777.7874843233573
752.0
752.0
779.7767760302099
756.0
757.0746341503144
780.1944452844236
759.0
759.0266388650194
780.784358487915
758.0
758.654196179211
780.827549643975
756.0
757.9743255827431
781.5180121187262
760.0
760.3812590423114
781.8893528107543
755.0
755.0
781.9936475964427
754.0
754.0
782.6189279628304
759.0
759.0075119709048
783.5736408448445
766.0
766.6492329349509
783.7327895802953
746.0
746.0
786.2877405787954
766.0
767.8968198739029
786.4686435326507
773.0
773.0
786.7836953706424
764.0
765.6894272130762
787.2954604113552
779.0
779.7767760302099
787.3822506857434
763.0
765.782194380811
789.7409756929859
758.0
758.9457722103226
789.7469731941923
768.0
768.7248761504402
789.9401967538093
766.0
766.8363344373029
789.9763737092594
764.0
767.8704187107638
789.9932747957142
763.0
763.3813961177549
791.7473694577285
770.0
771.043130750376
792.4465268480773
750.0
750.0
793.145928517452
770.0
770.6808129474007
793.4169029489861
775.0
775.0
793.6467414269179
779.0
779.0
793.9395945329367
774.0
774.0996027604774
795.5861812856723
772.0
772.0
799.3091760356026
776.0
776.0
799.6346378548496
773.0
773.0
801.1624614680775
774.0
774.3976796327573
804.2245869510193
790.0
790.0
805.5692122497809
785.0
785.0
805.7924753292058
780.0
780.1944452844236
806.2361709832501
776.0
776.0
808.0348812682688
776.0
776.0
808.3628984729027
773.0
773.0
810.0405952042295
785.0
785.0
810.9758522753174
777.0
777.0
811.85475961753
790.0
790.0
812.6780314911499
784.0
784.0
813.24355245452
802.0
802.0
814.3207206700724
774.0
774.0
815.0403690773632
781.0
781.0
816.0772510733611
800.0
800.0
818.2031290303702
794.0
794.0
822.6513818340557
793.0
793.0
823.4718897960234
795.0
795.0
825.4449511401267
799.0
799.0
829.1900302986295
818.0
818.0
832.1142613264532
818.0
818.0
833.392506538737
810.0
810.0
834.2144682293825
804.0
804.0
836.3826897690002
811.0
811.0
837.0225914126277
805.0
805.0
838.6636902276023
813.0
813.0
838.9483068895796
809.0
809.0
839.1137635426651
823.0
823.0
841.562616493279
827.0
827.0
844.1159240489059
828.0
828.0
847.2509916640454
835.0
835.0
847.4442730591894
815.0
815.0
851.8665667997543
844.0
844.0
856.5807374756968
823.0
823.0
857.2304154219569
833.0
833.0
859.1379327526735
845.0
845.0
860.3413660131794
849.0
849.0
862.407307909701
835.0
835.0
863.0082945513815
830.0
830.0
864.3408066549929
848.0
848.0
864.5258689172277
852.0
852.0
864.5271137715752
842.0
842.0
864.6787182450521
844.0
844.0
867.3142167638343
849.0
849.0
867.3577554505816
845.0
845.0
868.96476618
842.0
842.0
870.2865652708224
847.0
847.0
870.5954725645489
846.0
846.0
871.4465777109541
853.0
853.0
873.3076390117324
850.0
850.0
876.2627044584121
856.0
856.0
877.3703270044276
861.0
861.0
877.3800233312585
854.0
854.0
878.1936367765389
869.0
869.0
881.2542959653587
861.0
861.0
881.3546306234222
851.0
851.0
881.6974856229068
865.0
865.0
881.750171546543
860.0
860.0
883.7112553942968
857.0
857.0
884.4261319606935
864.0
864.0
885.1157753431136
863.0
863.0
885.3033714093824
860.0
860.0
885.932639377224
874.0
874.0
887.4978509821158
858.0
858.0
888.1575863354212
867.0
867.0
888.437666847812
865.0
865.0
890.3292636259965
863.0
863.0
892.1332179100311
880.0
880.0
893.3119687651013
870.0
870.0
894.4452946175549
873.0
873.0
894.7050303682605
862.0
862.0
896.3849307927973
875.0
875.0
899.1438699432952
868.0
868.0
899.491680672825
877.0
877.0
900.2188727711423
878.0
878.0
900.6924140813165
878.0
878.0
901.1911571727491
889.0
889.0
901.5984266697034
875.0
875.0
902.5144634751508
871.0
871.0
902.9350845229628
866.0
866.0
903.1087661345131
888.0
888.0
905.0807292643391
873.0
873.0
905.7489355423518
868.0
868.0
906.2338585606059
897.0
897.0
907.3264775709722
883.0
883.0
908.4127950018745
871.0
871.0
908.7797008629167
895.0
895.0
908.8453299922469
897.0
897.0
909.1351175466921
885.0
885.0
909.2254098428806
889.0
889.0
910.2683554389343
902.0
902.0
912.1141918427119
872.0
872.0
912.2634628683847
886.0
886.0
914.9084443117733
883.0
883.0
915.5914197209123
894.0
894.0
916.3979897783129
881.0
881.0
916.7582813506913
886.0
886.0
917.2009059893868
877.0
877.0
917.5066830041856
893.0
893.0
918.0903437067519
893.0
893.0
918.2840029664312
890.0
890.0
919.6897351275458
895.0
895.0
920.7377963402472
889.0
889.0
922.6858625926643
900.0
900.0
923.4242951590451
912.0
912.0
926.3325303304701
896.0
896.0
926.8831251670363
906.0
906.0
928.1895488860912
899.0
899.0
930.9596169606997
900.0
900.0
933.7231908203704
896.0
896.0
934.8106254324216
915.0
915.0
938.6239333552875
909.0
909.0
939.9911268871762
925.0
925.0
943.4825777383091
911.0
911.0
946.170602556535
920.0
920.0
947.6164772146324
908.0
908.0
947.774527176775
916.0
916.0
948.1184244378429
907.0
907.0
948.3934640712848
923.0
923.0
949.4353265157282
937.0
937.0
950.0726043920052
938.0
938.0
950.6887385066814
946.0
946.0
951.0227289214375
930.0
930.0
952.3969875003967
920.0
920.0
953.2047734080543
925.0
925.0
953.2506596712774
946.0
946.0
955.563415974586
943.0
943.0
955.5885922626273
930.0
930.0
956.4270963752217
948.0
948.0
960.5869209704138
936.0
936.0
964.2043054503321
950.0
950.0
964.6232649353344
924.0
924.0
964.8618562791551
932.0
932.0
965.5694090932523
944.0
944.0
967.2737431878339
936.0
936.0
967.3055429732007
951.0
951.0
969.8788670971885
940.0
940.0
970.1658048277695
941.0
941.0
971.3684198552542
952.0
952.0
973.7742933609732
962.0
962.0
975.0309150121203
940.0
940.0
977.0723976134112
948.0
948.0
981.6238217753448
979.0
979.0
983.2589889410915
954.0
954.0
983.3156089243538
955.0
955.0
986.2719600555366
962.0
962.0
986.357566733769
971.0
971.0
989.2902979864796
976.0
976.0
991.0077890508139
948.0
948.0
991.4443173942046
970.0
970.0
992.4437743872015
974.0
974.0
993.2914144335906
964.0
964.0
994.0235441270893
985.0
985.0
994.6243070757791
968.0
968.0
996.5441447035483
986.0
986.0
997.3013667831568
961.0
961.0
997.7361003337212
967.0
967.0
998.0580481836639
984.0
984.0
999.4021174566842
988.0
988.0
1001.5744145495194
964.0
964.0
1001.8206772544387
999.0
999.0
1005.6991274828445
979.0
979.0
1006.9921821383438
974.0
974.0
1008.7808592879118
995.0
995.0
1016.8928079264709
990.0
990.0
1019.4164896311552
986.0
986.0
1023.7222700298496
1003.0
1003.0
1024.9762068712007
1007.0
1007.0
1025.0173293264409
993.0
993.0
1025.2390482893718
1012.0
1012.0
1025.533904206376
993.0
993.0
1029.3781442878405
998.0
998.0
1029.4588954195099
1007.0
1007.0
1030.3341133322053
1010.0
1010.0
1032.0648204792462
1000.0
1000.0
1033.5874291318908
1017.0
1017.0
1034.2960425908163
1018.0
1018.0
1034.6914390314794
1022.0
1022.0
1038.9382661651207
1013.0
1013.0
1041.2082451113574
1017.0
1017.0
1041.556354746811
1032.0
1032.0
1045.2598977326081
1032.0
1032.0
1046.3355646012758
1023.0
1023.0
1048.1696190304183
1031.0
1031.0
1048.4275939142485
1034.0
1034.0
1049.9545262909432
1025.0
1025.0
1050.0274985827102
1027.0
1027.0
1050.9733042030814
1026.0
1026.0
1051.8364235695335
1040.0
1040.0
1056.1019485152508
1029.0
1029.0
1056.4045695225877
1025.0
1025.0
1056.717076005857
1026.0
1026.0
1057.0680323942656
1036.0
1036.0
1057.1068316453288
1028.0
1028.0
1057.2949659122146
1030.0
1030.0
1057.5161035873875
1038.0
1038.0
1057.891699205075
1044.0
1044.0
1059.5417601390843
1034.0
1034.0
1062.7645069744462
1051.0
1051.0
1062.7696076438829
1037.0
1037.0
1062.806700675536
1038.0
1038.0
1064.4723741483608
1035.0
1035.0
1065.0021587387985
1042.0
1042.0
1066.194192531158
1029.0
1029.0
1066.7088002725338
1044.0
1044.0
1068.543589002128
1040.0
1040.0
1069.2635580964047
1047.0
1047.0
1071.3391404558897
1045.0
1045.0
1074.1053252766299
1051.0
1051.0
1074.625134416472
1057.0
1057.0
1075.0493464136505
1055.0
1055.0
1075.4475399889056
1063.0
1063.0
1076.0006182799007
1061.0
1061.0
1077.148782452854
1068.0
1068.0
1079.4901467462125
1064.0
1064.0
1080.032735365177
1053.0
1053.0
1081.093925788881
1049.0
1049.0
1083.4100724521672
1065.0
1065.0
1084.3804856851411
1071.0
1071.0
1085.3894229044577
1063.0
1063.0
1089.0611293634017
1057.0
1057.0
1089.2371358588787
1058.0
1058.0
1089.3619035289325
1054.0
1054.0
1089.4589910532502
1060.0
1060.0
1090.599964643581
1074.0
1074.0
1091.841244863868
1077.0
1077.0
1092.5729323718433
1067.0
1067.0
1092.6184525617268
1068.0
1068.0
1093.9451751168954
1094.0
1094.0
1096.6123647787865
1081.0
1081.0
1098.4507228953905
1073.0
1073.0
1099.8992585083956
1071.0
1071.0
1100.130002222779
1075.0
1075.0
1102.2385969051284
1069.0
1069.0
1103.1458426314164
1070.0
1070.0
1103.338441874835
1073.0
1073.0
1105.563201334181
1095.0
1095.0
1107.3528730394717
1085.0
1085.0
1108.1114198620269
1079.0
1079.0
1108.4049065134836
1088.0
1088.0
1108.5008853647648
1074.0
1074.0
1109.687357087259
1082.0
1082.0
1109.8121932611975
1080.0
1080.0
1110.526743066801
1085.0
1085.0
1111.228853126577
1092.0
1092.0
1113.582446127246
1107.0
1107.0
1118.2271534534582
1105.0
1105.0
1119.3234897309476
1090.0
1090.0
1121.1158793698073
1100.0
1100.0
1121.465971199063
1108.0
1108.0
1122.7291003083583
1104.0
1104.0
1126.272839603474
1103.0
1103.0
1127.3015220839575
1116.0
1116.0
1129.1210606465504
1109.0
1109.0
1129.9336155332799
1109.0
1109.0
1132.033856476059
1120.0
1120.0
1135.5490291941016
1123.0
1123.0
1136.1369282783394
1114.0
1114.0
1136.7479738866512
1098.0
1098.0
1140.5411176930284
1128.0
1128.0
1147.1304969292576
1128.0
1128.0
1148.1640305471171
1133.0
1133.0
1150.7631160320075
1125.0
1125.0
1155.0581163970207
1152.0
1152.0
1156.2263681454122
1116.0
1116.0
1157.229486920532
1131.0
1131.0
1158.2263405158728
1145.0
1145.0
1160.9013402363414
1145.0
1145.0
1161.0387695030704
1138.0
1138.0
1161.6923057190832
1138.0
1138.0
1162.3996100956406
1153.0
1153.0
1165.2380167358344
1131.0
1131.0
1166.6590325017328
1153.0
1153.0
1167.4714894214287
1143.0
1143.0
1168.2648444382285
1146.0
1146.0
1168.5937679539607
1141.0
1141.0
1170.7311186128268
1147.0
1147.0
1170.9209566211748
1162.0
1162.0
1172.4006202286976
1160.0
1160.0
1173.0374355304264
1171.0
1171.0
1173.045069833267
1160.0
1160.0
1174.1438142471502
1149.0
1149.0
1174.9372776837686
1158.0
1158.0
1175.746363566965
1149.0
1149.0
1176.2695216300049
1151.0
1151.0
1176.427250486767
1153.0
1153.0
1177.0768651916044
1165.0
1165.0
1177.082230446889
1147.0
1147.0
1177.5022534018035
1163.0
1163.0
1177.7181552369143
1148.0
1148.0
1182.0326890485917
1155.0
1155.0
1185.5909931063197
1162.0
1162.0
1187.9365824977506
1179.0
1179.0
1190.07697355049
1159.0
1159.0
1191.0287988202601
1167.0
1167.0
1191.4994904962086
1169.0
1169.0
1191.5992080741103
1154.0
1154.0
1191.6345335288377
1174.0
1174.0
1192.1386251786325
1157.0
1157.0
1192.5179862905807
1165.0
1165.0
1193.1582672029451
1168.0
1168.0
1193.4233048496073
1166.0
1166.0
1193.4723172620113
1185.0
1187.9365824977506
1193.7837994493511
1159.0
1159.0
1194.1629128392508
1163.0
1163.0
1195.3570120876775
1170.0
1170.0
1195.6778357906155
1166.0
1166.0
1195.7401443866092
1188.0
1191.0287988202601
1195.7669825498353
1156.0
1156.0
1196.1062906444215
1170.0
1170.0
1196.9724493692797
1173.0
1173.0
1197.1124471712853
1179.0
1179.0
1197.9806981250972
1164.0
1164.0
1199.0874966717047
1175.0
1175.0
1200.7363886492788
1175.0
1175.0
1201.8004348991626
1178.0
1178.0
1201.8469533869772
1176.0
1176.0
1202.7160051354479
1174.0
1174.0
1202.8944001021298
1166.0
1166.0
1202.943288469251
1175.0
1175.0
1203.470488845841
1168.0
1168.0
1204.5346622018187
1182.0
1182.0326890485917
1204.6368795620997
1200.0
1201.8469533869772
1207.452897501284
1179.0
1179.0
1208.312189689028
1171.0
1171.0
1208.4564261111718
1185.0
1191.6345335288377
1210.8115947898366
1189.0
1191.4994904962086
1211.4841473925912
1198.0
1204.5346622018187
1211.7346107424569
1188.0
1193.1582672029451
1212.1354363056266
1180.0
1180.0
1212.4677962355927
1187.0
1192.5179862905807
1213.009285726292
1181.0
1181.0
1213.136743281749
1184.0
1185.5909931063197
1213.2159662582596
1177.0
1177.0
1213.2704734276122
1187.0
1190.07697355049
1213.9772122363045
1193.0
1193.7837994493511
1214.917798815145
1190.0
1193.4233048496073
1215.820930333361
1192.0
1192.1386251786325
1217.275810889482
1184.0
1195.7401443866092
1217.5459825515522
1191.0
1193.4723172620113
1217.7517476322225
1181.0
1195.6778357906155
1218.2292891331274
1197.0
1197.1124471712853
1218.4051721945405
1181.0
1191.5992080741103
1218.4756762328077
1196.0
1196.1062906444215
1218.7113545507202
1185.0
1195.7669825498353
1218.941217289861
1194.0
1194.1629128392508
1219.5012139737653
1199.0
1199.0874966717047
1219.5656703558395
1197.0
1197.9806981250972
1221.7822733283222
1194.0
1202.943288469251
1222.3624181573146
1188.0
1196.9724493692797
1224.0435629761898
1194.0
1195.3570120876775
1224.9650364805143
1192.0
1202.8944001021298
1225.3741490694367
1191.0
1202.7160051354479
1225.727188921152
1207.0
1208.312189689028
1226.0321493128108
1195.0
1203.470488845841
1226.3580127010348
1200.0
1204.6368795620997
1226.7736937889376
1201.0
1201.8004348991626
1230.376427597418
1198.0
1200.7363886492788
1230.5132125571856
1205.0
1207.452897501284
1231.7793192469553
1209.0
1210.8115947898366
1232.1662591088527
1214.0
1214.0
1232.6388177293213
1227.0
1227.0
1233.5625065588279
1209.0
1211.4841473925912
1234.3725402924886
1218.0
1218.0
1234.7970775936524
1204.0
1208.4564261111718
1235.3314669082135
1225.0
1225.0
1236.003875227753
1214.0
1214.0
1236.0411962936962
1221.0
1221.0
1239.3958825616228
1215.0
1215.0
1239.5970553774694
1230.0
1230.0
1243.97031316745
1222.0
1222.0
1244.9710414800331
1217.0
1217.0
1249.153398968631
1225.0
1225.0
1250.0549308950604
1239.0
1239.0
1253.534216667307
1231.0
1231.0
1254.6014937413493
1242.0
1242.0
1255.4657638606784
1244.0
1244.0
1257.2756985636445
1233.0
1233.0
1257.370861880024
1232.0
1232.0
1258.857485564224
1244.0
1244.0
1268.423708684285
1247.0
1247.0
1271.9248396941884
1252.0
1252.0
1273.261894488948
1251.0
1251.0
1275.3297568605728
1237.0
1237.0
1276.7520439403402
1251.0
1251.0
1277.7456136731641
1248.0
1248.0
1278.4964592457532
1259.0
1259.0
1279.5558789204306
1259.0
1259.0
1281.1010311562075
1264.0
1264.0
1281.6605713985768
1265.0
1265.0
1281.6759241295897
1267.0
1267.0
1282.0347125338835
1274.0
1274.0
1286.2117595439513
1264.0
1264.0
1286.5010228589783
1274.0
1274.0
1286.5253504193497
1269.0
1269.0
1288.5628384592915
1278.0
1278.0
1290.101437404493
1259.0
1259.0
1292.8734336207624
1271.0
1271.0
1294.5392255592794
1269.0
1269.0
1295.5429757444647
1283.0
1283.0
1295.650806969625
1269.0
1269.0
1296.5757693648686
1289.0
1289.0
1300.174736296202
1288.0
1288.0
1300.5160549253537
1272.0
1272.0
1301.8541426540091
1275.0
1275.0
1302.172464014883
1283.0
1283.0
1304.0247819320239
1284.0
1284.0
1305.6707759947794
1273.0
1273.0
1305.765203630658
1280.0
1280.0
1306.2214980005592
1277.0
1277.0
1307.0796871415328
1296.0
1296.0
1308.6376920988123
1294.0
1294.0
1309.4582385450967
1284.0
1284.0
1310.4055145710954
1279.0
1279.0
1313.110426351948
1298.0
1298.0
1314.0336450114455
1288.0
1288.0
1315.1057821806571
1302.0
1302.0
1315.8558080081289
1301.0
1301.0
1316.1528642970945
1290.0
1290.0
1319.43019903944
1304.0
1304.0
1319.4924941047761
1308.0
1308.0
1321.5188994809337
1292.0
1292.0
1322.740099989058
1297.0
1297.0
1325.3014104896274
1310.0
1310.0
1326.117938925928
1303.0
1303.0
1327.5245317915471
1294.0
1294.0
1328.8521788159442
1298.0
1298.0
1330.3225263632125
1313.0
1313.0
1331.810499988329
1307.0
1307.0
1332.7556201337932
1318.0
1318.0
1333.813054785191
1323.0
1323.0
1334.064529751298
1320.0
1320.0
1338.3916172557776
1301.0
1301.0
1340.1800620012068
1307.0
1307.0
1340.6095986014857
1315.0
1315.0
1341.7010525876249
1312.0
1312.0
1342.5031200114959
1329.0
1329.0
1343.9568610094343
1318.0
1318.0
1345.3133266840443
1324.0
1324.0
1349.3040767594189
1322.0
1322.0
1349.929906079486
1313.0
1313.0
1350.2683435547738
1316.0
1316.0
1350.5301496477487
1329.0
1329.0
1351.5621827728728
1326.0
1326.0
1352.280476674928
1326.0
1326.0
1353.9957173847986
1322.0
1322.0
1357.1752316118689
1333.0
1333.0
1360.883422142832
1337.0
1337.0
1361.5022672083387
1342.0
1342.0
1362.066102803145
1337.0
1337.0
1362.651424941141
1342.0
1342.0
1363.5844095601499
1347.0
1347.0
1364.952479438085
1330.0
1330.0
1365.7639646305001
1342.0
1342.0
1366.1893683767644
1339.0
1339.0
1366.8961724994617
1351.0
1351.0
1367.004829481222
1347.0
1347.0
1367.2194868792633
1335.0
1335.0
1369.7891661031756
1357.0
1357.0
1370.1582894184266
1349.0
1349.0
1371.8223196929428
1348.0
1348.0
1373.0524516650673
1367.0
1367.0
1374.197317747049
1357.0
1357.0
1375.8423020275204
1362.0
1362.0
1379.2850184850504
1352.0
1352.0
1380.1928496634853
1358.0
1358.0
1381.3388707738065
1354.0
1354.0
1381.9099479750196
1361.0
1361.0
1382.5432685122785
1351.0
1351.0
1384.0421164337217
1374.0
1374.0
1384.5171200309444
1361.0
1361.0
1387.833211771734
1365.0
1365.0
1388.6251626471794
1373.0
1373.0
1390.307024233033
1365.0
1365.0
1391.6822408377193
1365.0
1365.0
1392.3918895854827
1360.0
1360.0
1392.7909184987316
1375.0
1375.0
1394.1926900245192
1369.0
1369.0
1394.5204362349357
1377.0
1377.0
1395.0471578694765
1379.0
1379.0
1397.644576499595
1368.0
1368.0
1398.9923658766031
1379.0
1379.0
1400.6271136826203
1370.0
1370.0
1402.4061159679773
1375.0
1375.0
1404.016994957908
1377.0
1377.0
1404.5315927183756
1381.0
1381.0
1405.0593231154426
1372.0
1372.0
1405.455823893011
1390.0
1390.0
1406.765946741497
1387.0
1387.0
1410.8202861694815
1386.0
1386.0
1411.475045653073
1384.0
1384.0
1411.7110277385918
1388.0
1388.0
1412.6148678284512
1373.0
1373.0
1414.8117619337174
1393.0
1393.0
1415.0080235739765
1393.0
1393.0
1417.9164837924907
1390.0
1390.0
1419.2077913568007
1391.0
1391.0
1420.138338819747
1382.0
1382.0
1421.127063765462
1406.0
1406.0
1421.6744496442075
1397.0
1397.0
1422.2477807946882
1396.0
1396.0
1424.8468732637205
1409.0
1409.0
1424.8953272066974
1411.0
1411.0
1425.74346766137
1397.0
1397.0
1426.70428870759
1402.0
1402.0
1428.651742529024
1403.0
1403.0
1429.0755185376258
1412.0
1412.0
1429.6387157376776
1403.0
1403.0
1433.5362358528464
1418.0
1418.0
1434.402258254383
1413.0
1413.0
1435.1383946044439
1415.0
1415.0
1439.6731460686426
